{
    "accuracy": 0.5,
    "precision": 0.5263157894736842,
    "recall": 0.38461538461538464,
    "auc": 0.5993589743589743
}